-20.000000	0.000000000
-19.986667	0.000000000
-19.973333	0.000000000
-19.960000	0.000000000
-19.946667	0.000000000
-19.933333	0.000000000
-19.920000	0.000000000
-19.906667	0.000000000
-19.893333	0.000000000
-19.880000	0.000000000
-19.866667	0.000000000
-19.853333	0.000000000
-19.840000	0.000000000
-19.826667	0.000000009
-19.813333	0.000000000
-19.800000	0.000000000
-19.786667	0.000000000
-19.773333	0.000000000
-19.760000	0.000000000
-19.746667	0.000000009
-19.733333	0.000000000
-19.720000	0.000000000
-19.706667	0.000000000
-19.693333	0.000000000
-19.680000	0.000000000
-19.666667	0.000000000
-19.653333	0.000000000
-19.640000	0.000000009
-19.626667	0.000000000
-19.613333	0.000000000
-19.600000	0.000000000
-19.586667	0.000000000
-19.573333	0.000000009
-19.560000	0.000000000
-19.546667	0.000000000
-19.533333	0.000000000
-19.520000	0.000000009
-19.506667	0.000000000
-19.493333	0.000000000
-19.480000	0.000000000
-19.466667	0.000000009
-19.453333	0.000000000
-19.440000	0.000000000
-19.426667	0.000000009
-19.413333	0.000000000
-19.400000	0.000000009
-19.386667	0.000000000
-19.373333	0.000000000
-19.360000	0.000000009
-19.346667	0.000000000
-19.333333	0.000000000
-19.320000	0.000000009
-19.306667	0.000000009
-19.293333	0.000000009
-19.280000	0.000000009
-19.266667	0.000000000
-19.253333	0.000000009
-19.240000	0.000000000
-19.226667	0.000000009
-19.213333	0.000000009
-19.200000	0.000000009
-19.186667	0.000000000
-19.173333	0.000000000
-19.160000	0.000000000
-19.146667	0.000000000
-19.133333	0.000000009
-19.120000	0.000000000
-19.106667	0.000000009
-19.093333	0.000000000
-19.080000	0.000000000
-19.066667	0.000000000
-19.053333	0.000000000
-19.040000	0.000000000
-19.026667	0.000000000
-19.013333	0.000000000
-19.000000	0.000000009
-18.986667	0.000000000
-18.973333	0.000000009
-18.960000	0.000000000
-18.946667	0.000000009
-18.933333	0.000000009
-18.920000	0.000000000
-18.906667	0.000000009
-18.893333	0.000000000
-18.880000	0.000000000
-18.866667	0.000000000
-18.853333	0.000000009
-18.840000	0.000000018
-18.826667	0.000000000
-18.813333	0.000000000
-18.800000	0.000000000
-18.786667	0.000000000
-18.773333	0.000000000
-18.760000	0.000000000
-18.746667	0.000000009
-18.733333	0.000000009
-18.720000	0.000000009
-18.706667	0.000000009
-18.693333	0.000000000
-18.680000	0.000000009
-18.666667	0.000000000
-18.653333	0.000000000
-18.640000	0.000000000
-18.626667	0.000000000
-18.613333	0.000000000
-18.600000	0.000000000
-18.586667	0.000000000
-18.573333	0.000000000
-18.560000	0.000000018
-18.546667	0.000000009
-18.533333	0.000000000
-18.520000	0.000000009
-18.506667	0.000000009
-18.493333	0.000000009
-18.480000	0.000000009
-18.466667	0.000000018
-18.453333	0.000000009
-18.440000	0.000000000
-18.426667	0.000000009
-18.413333	0.000000009
-18.400000	0.000000000
-18.386667	0.000000026
-18.373333	0.000000000
-18.360000	0.000000009
-18.346667	0.000000000
-18.333333	0.000000018
-18.320000	0.000000018
-18.306667	0.000000018
-18.293333	0.000000009
-18.280000	0.000000000
-18.266667	0.000000000
-18.253333	0.000000009
-18.240000	0.000000009
-18.226667	0.000000000
-18.213333	0.000000009
-18.200000	0.000000000
-18.186667	0.000000000
-18.173333	0.000000018
-18.160000	0.000000000
-18.146667	0.000000000
-18.133333	0.000000009
-18.120000	0.000000009
-18.106667	0.000000000
-18.093333	0.000000009
-18.080000	0.000000009
-18.066667	0.000000000
-18.053333	0.000000009
-18.040000	0.000000009
-18.026667	0.000000009
-18.013333	0.000000009
-18.000000	0.000000009
-17.986667	0.000000009
-17.973333	0.000000035
-17.960000	0.000000009
-17.946667	0.000000018
-17.933333	0.000000009
-17.920000	0.000000035
-17.906667	0.000000009
-17.893333	0.000000009
-17.880000	0.000000018
-17.866667	0.000000018
-17.853333	0.000000026
-17.840000	0.000000009
-17.826667	0.000000000
-17.813333	0.000000009
-17.800000	0.000000000
-17.786667	0.000000018
-17.773333	0.000000000
-17.760000	0.000000009
-17.746667	0.000000009
-17.733333	0.000000018
-17.720000	0.000000026
-17.706667	0.000000000
-17.693333	0.000000009
-17.680000	0.000000009
-17.666667	0.000000009
-17.653333	0.000000026
-17.640000	0.000000000
-17.626667	0.000000009
-17.613333	0.000000000
-17.600000	0.000000026
-17.586667	0.000000009
-17.573333	0.000000000
-17.560000	0.000000018
-17.546667	0.000000026
-17.533333	0.000000018
-17.520000	0.000000009
-17.506667	0.000000009
-17.493333	0.000000009
-17.480000	0.000000018
-17.466667	0.000000009
-17.453333	0.000000009
-17.440000	0.000000018
-17.426667	0.000000018
-17.413333	0.000000018
-17.400000	0.000000026
-17.386667	0.000000000
-17.373333	0.000000026
-17.360000	0.000000018
-17.346667	0.000000026
-17.333333	0.000000018
-17.320000	0.000000026
-17.306667	0.000000035
-17.293333	0.000000009
-17.280000	0.000000035
-17.266667	0.000000009
-17.253333	0.000000026
-17.240000	0.000000009
-17.226667	0.000000018
-17.213333	0.000000026
-17.200000	0.000000018
-17.186667	0.000000018
-17.173333	0.000000018
-17.160000	0.000000009
-17.146667	0.000000018
-17.133333	0.000000018
-17.120000	0.000000035
-17.106667	0.000000000
-17.093333	0.000000044
-17.080000	0.000000026
-17.066667	0.000000009
-17.053333	0.000000009
-17.040000	0.000000035
-17.026667	0.000000018
-17.013333	0.000000035
-17.000000	0.000000026
-16.986667	0.000000018
-16.973333	0.000000018
-16.960000	0.000000018
-16.946667	0.000000009
-16.933333	0.000000009
-16.920000	0.000000000
-16.906667	0.000000044
-16.893333	0.000000035
-16.880000	0.000000044
-16.866667	0.000000009
-16.853333	0.000000035
-16.840000	0.000000035
-16.826667	0.000000035
-16.813333	0.000000018
-16.800000	0.000000044
-16.786667	0.000000018
-16.773333	0.000000026
-16.760000	0.000000035
-16.746667	0.000000018
-16.733333	0.000000026
-16.720000	0.000000035
-16.706667	0.000000018
-16.693333	0.000000061
-16.680000	0.000000026
-16.666667	0.000000053
-16.653333	0.000000035
-16.640000	0.000000035
-16.626667	0.000000009
-16.613333	0.000000053
-16.600000	0.000000018
-16.586667	0.000000026
-16.573333	0.000000044
-16.560000	0.000000026
-16.546667	0.000000018
-16.533333	0.000000053
-16.520000	0.000000035
-16.506667	0.000000026
-16.493333	0.000000009
-16.480000	0.000000009
-16.466667	0.000000044
-16.453333	0.000000035
-16.440000	0.000000018
-16.426667	0.000000061
-16.413333	0.000000035
-16.400000	0.000000053
-16.386667	0.000000026
-16.373333	0.000000026
-16.360000	0.000000035
-16.346667	0.000000018
-16.333333	0.000000035
-16.320000	0.000000026
-16.306667	0.000000026
-16.293333	0.000000061
-16.280000	0.000000044
-16.266667	0.000000018
-16.253333	0.000000009
-16.240000	0.000000018
-16.226667	0.000000009
-16.213333	0.000000079
-16.200000	0.000000053
-16.186667	0.000000061
-16.173333	0.000000096
-16.160000	0.000000018
-16.146667	0.000000035
-16.133333	0.000000044
-16.120000	0.000000009
-16.106667	0.000000061
-16.093333	0.000000053
-16.080000	0.000000035
-16.066667	0.000000061
-16.053333	0.000000053
-16.040000	0.000000035
-16.026667	0.000000053
-16.013333	0.000000079
-16.000000	0.000000053
-15.986667	0.000000044
-15.973333	0.000000044
-15.960000	0.000000009
-15.946667	0.000000061
-15.933333	0.000000018
-15.920000	0.000000079
-15.906667	0.000000018
-15.893333	0.000000070
-15.880000	0.000000070
-15.866667	0.000000070
-15.853333	0.000000053
-15.840000	0.000000096
-15.826667	0.000000070
-15.813333	0.000000044
-15.800000	0.000000061
-15.786667	0.000000070
-15.773333	0.000000061
-15.760000	0.000000018
-15.746667	0.000000035
-15.733333	0.000000079
-15.720000	0.000000035
-15.706667	0.000000079
-15.693333	0.000000088
-15.680000	0.000000114
-15.666667	0.000000070
-15.653333	0.000000088
-15.640000	0.000000035
-15.626667	0.000000053
-15.613333	0.000000070
-15.600000	0.000000061
-15.586667	0.000000088
-15.573333	0.000000079
-15.560000	0.000000044
-15.546667	0.000000088
-15.533333	0.000000105
-15.520000	0.000000079
-15.506667	0.000000123
-15.493333	0.000000088
-15.480000	0.000000096
-15.466667	0.000000131
-15.453333	0.000000061
-15.440000	0.000000114
-15.426667	0.000000105
-15.413333	0.000000096
-15.400000	0.000000096
-15.386667	0.000000105
-15.373333	0.000000061
-15.360000	0.000000053
-15.346667	0.000000053
-15.333333	0.000000123
-15.320000	0.000000053
-15.306667	0.000000053
-15.293333	0.000000070
-15.280000	0.000000088
-15.266667	0.000000061
-15.253333	0.000000131
-15.240000	0.000000114
-15.226667	0.000000096
-15.213333	0.000000079
-15.200000	0.000000079
-15.186667	0.000000053
-15.173333	0.000000070
-15.160000	0.000000114
-15.146667	0.000000105
-15.133333	0.000000114
-15.120000	0.000000149
-15.106667	0.000000088
-15.093333	0.000000140
-15.080000	0.000000114
-15.066667	0.000000123
-15.053333	0.000000096
-15.040000	0.000000140
-15.026667	0.000000061
-15.013333	0.000000193
-15.000000	0.000000123
-14.986667	0.000000105
-14.973333	0.000000131
-14.960000	0.000000079
-14.946667	0.000000035
-14.933333	0.000000096
-14.920000	0.000000114
-14.906667	0.000000070
-14.893333	0.000000193
-14.880000	0.000000088
-14.866667	0.000000096
-14.853333	0.000000088
-14.840000	0.000000131
-14.826667	0.000000096
-14.813333	0.000000079
-14.800000	0.000000140
-14.786667	0.000000167
-14.773333	0.000000096
-14.760000	0.000000202
-14.746667	0.000000167
-14.733333	0.000000114
-14.720000	0.000000140
-14.706667	0.000000175
-14.693333	0.000000245
-14.680000	0.000000140
-14.666667	0.000000131
-14.653333	0.000000158
-14.640000	0.000000219
-14.626667	0.000000219
-14.613333	0.000000123
-14.600000	0.000000167
-14.586667	0.000000228
-14.573333	0.000000140
-14.560000	0.000000202
-14.546667	0.000000158
-14.533333	0.000000149
-14.520000	0.000000123
-14.506667	0.000000202
-14.493333	0.000000202
-14.480000	0.000000210
-14.466667	0.000000219
-14.453333	0.000000105
-14.440000	0.000000131
-14.426667	0.000000202
-14.413333	0.000000184
-14.400000	0.000000149
-14.386667	0.000000131
-14.373333	0.000000193
-14.360000	0.000000298
-14.346667	0.000000167
-14.333333	0.000000219
-14.320000	0.000000184
-14.306667	0.000000167
-14.293333	0.000000237
-14.280000	0.000000167
-14.266667	0.000000175
-14.253333	0.000000158
-14.240000	0.000000237
-14.226667	0.000000193
-14.213333	0.000000237
-14.200000	0.000000254
-14.186667	0.000000210
-14.173333	0.000000228
-14.160000	0.000000202
-14.146667	0.000000254
-14.133333	0.000000202
-14.120000	0.000000175
-14.106667	0.000000289
-14.093333	0.000000263
-14.080000	0.000000298
-14.066667	0.000000342
-14.053333	0.000000289
-14.040000	0.000000298
-14.026667	0.000000298
-14.013333	0.000000210
-14.000000	0.000000237
-13.986667	0.000000377
-13.973333	0.000000316
-13.960000	0.000000245
-13.946667	0.000000280
-13.933333	0.000000219
-13.920000	0.000000210
-13.906667	0.000000272
-13.893333	0.000000245
-13.880000	0.000000280
-13.866667	0.000000324
-13.853333	0.000000324
-13.840000	0.000000333
-13.826667	0.000000245
-13.813333	0.000000324
-13.800000	0.000000316
-13.786667	0.000000263
-13.773333	0.000000289
-13.760000	0.000000342
-13.746667	0.000000289
-13.733333	0.000000298
-13.720000	0.000000342
-13.706667	0.000000254
-13.693333	0.000000307
-13.680000	0.000000280
-13.666667	0.000000368
-13.653333	0.000000324
-13.640000	0.000000324
-13.626667	0.000000298
-13.613333	0.000000412
-13.600000	0.000000324
-13.586667	0.000000280
-13.573333	0.000000359
-13.560000	0.000000324
-13.546667	0.000000289
-13.533333	0.000000386
-13.520000	0.000000377
-13.506667	0.000000272
-13.493333	0.000000316
-13.480000	0.000000351
-13.466667	0.000000430
-13.453333	0.000000316
-13.440000	0.000000359
-13.426667	0.000000351
-13.413333	0.000000368
-13.400000	0.000000324
-13.386667	0.000000473
-13.373333	0.000000359
-13.360000	0.000000351
-13.346667	0.000000438
-13.333333	0.000000447
-13.320000	0.000000386
-13.306667	0.000000430
-13.293333	0.000000421
-13.280000	0.000000421
-13.266667	0.000000473
-13.253333	0.000000403
-13.240000	0.000000456
-13.226667	0.000000438
-13.213333	0.000000491
-13.200000	0.000000394
-13.186667	0.000000465
-13.173333	0.000000421
-13.160000	0.000000491
-13.146667	0.000000421
-13.133333	0.000000394
-13.120000	0.000000543
-13.106667	0.000000473
-13.093333	0.000000508
-13.080000	0.000000342
-13.066667	0.000000570
-13.053333	0.000000473
-13.040000	0.000000386
-13.026667	0.000000587
-13.013333	0.000000465
-13.000000	0.000000579
-12.986667	0.000000473
-12.973333	0.000000666
-12.960000	0.000000508
-12.946667	0.000000587
-12.933333	0.000000508
-12.920000	0.000000491
-12.906667	0.000000456
-12.893333	0.000000596
-12.880000	0.000000543
-12.866667	0.000000561
-12.853333	0.000000622
-12.840000	0.000000535
-12.826667	0.000000587
-12.813333	0.000000666
-12.800000	0.000000535
-12.786667	0.000000570
-12.773333	0.000000605
-12.760000	0.000000605
-12.746667	0.000000614
-12.733333	0.000000570
-12.720000	0.000000684
-12.706667	0.000000543
-12.693333	0.000000552
-12.680000	0.000000666
-12.666667	0.000000675
-12.653333	0.000000631
-12.640000	0.000000622
-12.626667	0.000000736
-12.613333	0.000000543
-12.600000	0.000000587
-12.586667	0.000000754
-12.573333	0.000000754
-12.560000	0.000000666
-12.546667	0.000000885
-12.533333	0.000000833
-12.520000	0.000000728
-12.506667	0.000000771
-12.493333	0.000000745
-12.480000	0.000000728
-12.466667	0.000000938
-12.453333	0.000000806
-12.440000	0.000000763
-12.426667	0.000000824
-12.413333	0.000000841
-12.400000	0.000000666
-12.386667	0.000000850
-12.373333	0.000000763
-12.360000	0.000000964
-12.346667	0.000000859
-12.333333	0.000000771
-12.320000	0.000000903
-12.306667	0.000000763
-12.293333	0.000000824
-12.280000	0.000000789
-12.266667	0.000000955
-12.253333	0.000000920
-12.240000	0.000000903
-12.226667	0.000000885
-12.213333	0.000000859
-12.200000	0.000000903
-12.186667	0.000000912
-12.173333	0.000001008
-12.160000	0.000001122
-12.146667	0.000000964
-12.133333	0.000001034
-12.120000	0.000001061
-12.106667	0.000000990
-12.093333	0.000000947
-12.080000	0.000001140
-12.066667	0.000001140
-12.053333	0.000001157
-12.040000	0.000001043
-12.026667	0.000001113
-12.013333	0.000001043
-12.000000	0.000001096
-11.986667	0.000001175
-11.973333	0.000001192
-11.960000	0.000001218
-11.946667	0.000000999
-11.933333	0.000001078
-11.920000	0.000000955
-11.906667	0.000001069
-11.893333	0.000001218
-11.880000	0.000001140
-11.866667	0.000001157
-11.853333	0.000001289
-11.840000	0.000001236
-11.826667	0.000001543
-11.813333	0.000001245
-11.800000	0.000001104
-11.786667	0.000001140
-11.773333	0.000001166
-11.760000	0.000001411
-11.746667	0.000001271
-11.733333	0.000001306
-11.720000	0.000001367
-11.706667	0.000001218
-11.693333	0.000001525
-11.680000	0.000001630
-11.666667	0.000001359
-11.653333	0.000001376
-11.640000	0.000001481
-11.626667	0.000001420
-11.613333	0.000001429
-11.600000	0.000001499
-11.586667	0.000001508
-11.573333	0.000001473
-11.560000	0.000001569
-11.546667	0.000001569
-11.533333	0.000001604
-11.520000	0.000001516
-11.506667	0.000001350
-11.493333	0.000001595
-11.480000	0.000001753
-11.466667	0.000001595
-11.453333	0.000001700
-11.440000	0.000001797
-11.426667	0.000001613
-11.413333	0.000001876
-11.400000	0.000001753
-11.386667	0.000001657
-11.373333	0.000001858
-11.360000	0.000001911
-11.346667	0.000001814
-11.333333	0.000001797
-11.320000	0.000001893
-11.306667	0.000001762
-11.293333	0.000001885
-11.280000	0.000002069
-11.266667	0.000002025
-11.253333	0.000001832
-11.240000	0.000002305
-11.226667	0.000001937
-11.213333	0.000001946
-11.200000	0.000002226
-11.186667	0.000001858
-11.173333	0.000002253
-11.160000	0.000001928
-11.146667	0.000002077
-11.133333	0.000002375
-11.120000	0.000002183
-11.106667	0.000002332
-11.093333	0.000002375
-11.080000	0.000002165
-11.066667	0.000002524
-11.053333	0.000002156
-11.040000	0.000002130
-11.026667	0.000002340
-11.013333	0.000002095
-11.000000	0.000002656
-10.986667	0.000002516
-10.973333	0.000002533
-10.960000	0.000002384
-10.946667	0.000002647
-10.933333	0.000002691
-10.920000	0.000002700
-10.906667	0.000002779
-10.893333	0.000002814
-10.880000	0.000002761
-10.866667	0.000002717
-10.853333	0.000002814
-10.840000	0.000002954
-10.826667	0.000002770
-10.813333	0.000003077
-10.800000	0.000003226
-10.786667	0.000002928
-10.773333	0.000003015
-10.760000	0.000003305
-10.746667	0.000003638
-10.733333	0.000003085
-10.720000	0.000003077
-10.706667	0.000003164
-10.693333	0.000002884
-10.680000	0.000003348
-10.666667	0.000003410
-10.653333	0.000003313
-10.640000	0.000003454
-10.626667	0.000003261
-10.613333	0.000003550
-10.600000	0.000003576
-10.586667	0.000003611
-10.573333	0.000003804
-10.560000	0.000003436
-10.546667	0.000003743
-10.533333	0.000003471
-10.520000	0.000003804
-10.506667	0.000003550
-10.493333	0.000004015
-10.480000	0.000003752
-10.466667	0.000004023
-10.453333	0.000004041
-10.440000	0.000003822
-10.426667	0.000004006
-10.413333	0.000003795
-10.400000	0.000004418
-10.386667	0.000004111
-10.373333	0.000004058
-10.360000	0.000004505
-10.346667	0.000004260
-10.333333	0.000004742
-10.320000	0.000004418
-10.306667	0.000004611
-10.293333	0.000004462
-10.280000	0.000004576
-10.266667	0.000004672
-10.253333	0.000004961
-10.240000	0.000004742
-10.226667	0.000004540
-10.213333	0.000004637
-10.200000	0.000005093
-10.186667	0.000004803
-10.173333	0.000005250
-10.160000	0.000004952
-10.146667	0.000005145
-10.133333	0.000005198
-10.120000	0.000005084
-10.106667	0.000005934
-10.093333	0.000005715
-10.080000	0.000005557
-10.066667	0.000005408
-10.053333	0.000005724
-10.040000	0.000005522
-10.026667	0.000005996
-10.013333	0.000006355
-10.000000	0.000006285
-9.986667	0.000006066
-9.973333	0.000006302
-9.960000	0.000006267
-9.946667	0.000006723
-9.933333	0.000006460
-9.920000	0.000006627
-9.906667	0.000006495
-9.893333	0.000006933
-9.880000	0.000006714
-9.866667	0.000006223
-9.853333	0.000007039
-9.840000	0.000006960
-9.826667	0.000007012
-9.813333	0.000007144
-9.800000	0.000006942
-9.786667	0.000007196
-9.773333	0.000007372
-9.760000	0.000007293
-9.746667	0.000007363
-9.733333	0.000007854
-9.720000	0.000007819
-9.706667	0.000007827
-9.693333	0.000007486
-9.680000	0.000008257
-9.666667	0.000008380
-9.653333	0.000007906
-9.640000	0.000008257
-9.626667	0.000008520
-9.613333	0.000008879
-9.600000	0.000008941
-9.586667	0.000008704
-9.573333	0.000009204
-9.560000	0.000009063
-9.546667	0.000009274
-9.533333	0.000009440
-9.520000	0.000009116
-9.506667	0.000009151
-9.493333	0.000009598
-9.480000	0.000009423
-9.466667	0.000009502
-9.453333	0.000009668
-9.440000	0.000009905
-9.426667	0.000010063
-9.413333	0.000010413
-9.400000	0.000010273
-9.386667	0.000010256
-9.373333	0.000010089
-9.360000	0.000011018
-9.346667	0.000010729
-9.333333	0.000011088
-9.320000	0.000011158
-9.306667	0.000011588
-9.293333	0.000011614
-9.280000	0.000011763
-9.266667	0.000011965
-9.253333	0.000011860
-9.240000	0.000011632
-9.226667	0.000011877
-9.213333	0.000012307
-9.200000	0.000012482
-9.186667	0.000012421
-9.173333	0.000012771
-9.160000	0.000013280
-9.146667	0.000013043
-9.133333	0.000013060
-9.120000	0.000013262
-9.106667	0.000013946
-9.093333	0.000014060
-9.080000	0.000013157
-9.066667	0.000014060
-9.053333	0.000014638
-9.040000	0.000013823
-9.026667	0.000014998
-9.013333	0.000014060
-9.000000	0.000014998
-8.986667	0.000014621
-8.973333	0.000015217
-8.960000	0.000015374
-8.946667	0.000015778
-8.933333	0.000016190
-8.920000	0.000016058
-8.906667	0.000015708
-8.893333	0.000016742
-8.880000	0.000017040
-8.866667	0.000016470
-8.853333	0.000017022
-8.840000	0.000017128
-8.826667	0.000017320
-8.813333	0.000018127
-8.800000	0.000017741
-8.786667	0.000017908
-8.773333	0.000018328
-8.760000	0.000018065
-8.746667	0.000019740
-8.733333	0.000019661
-8.720000	0.000019258
-8.706667	0.000019240
-8.693333	0.000020090
-8.680000	0.000020371
-8.666667	0.000020958
-8.653333	0.000020905
-8.640000	0.000020984
-8.626667	0.000020774
-8.613333	0.000021545
-8.600000	0.000022790
-8.586667	0.000022501
-8.573333	0.000022737
-8.560000	0.000022308
-8.546667	0.000022676
-8.533333	0.000022983
-8.520000	0.000023088
-8.506667	0.000023491
-8.493333	0.000024298
-8.480000	0.000023544
-8.466667	0.000025104
-8.453333	0.000025542
-8.440000	0.000025174
-8.426667	0.000024973
-8.413333	0.000026156
-8.400000	0.000026340
-8.386667	0.000025954
-8.373333	0.000026875
-8.360000	0.000028093
-8.346667	0.000027366
-8.333333	0.000027909
-8.320000	0.000028514
-8.306667	0.000028540
-8.293333	0.000029162
-8.280000	0.000030319
-8.266667	0.000029127
-8.253333	0.000029986
-8.240000	0.000030696
-8.226667	0.000030889
-8.213333	0.000031503
-8.200000	0.000032432
-8.186667	0.000032423
-8.173333	0.000032993
-8.160000	0.000032511
-8.146667	0.000032581
-8.133333	0.000034238
-8.120000	0.000034395
-8.106667	0.000033931
-8.093333	0.000035500
-8.080000	0.000035956
-8.066667	0.000035544
-8.053333	0.000035929
-8.040000	0.000038129
-8.026667	0.000037183
-8.013333	0.000038594
-8.000000	0.000038340
-7.986667	0.000038980
-7.973333	0.000039751
-7.960000	0.000040119
-7.946667	0.000040549
-7.933333	0.000039488
-7.920000	0.000041022
-7.906667	0.000042600
-7.893333	0.000042977
-7.880000	0.000042582
-7.866667	0.000044274
-7.853333	0.000044590
-7.840000	0.000043731
-7.826667	0.000044633
-7.813333	0.000045896
-7.800000	0.000045817
-7.786667	0.000046474
-7.773333	0.000048595
-7.760000	0.000047701
-7.746667	0.000049104
-7.733333	0.000049875
-7.720000	0.000049586
-7.706667	0.000050191
-7.693333	0.000051076
-7.680000	0.000050699
-7.666667	0.000053855
-7.653333	0.000054687
-7.640000	0.000054100
-7.626667	0.000054407
-7.613333	0.000055266
-7.600000	0.000053898
-7.586667	0.000057264
-7.573333	0.000056668
-7.560000	0.000058746
-7.546667	0.000059456
-7.533333	0.000060148
-7.520000	0.000061068
-7.506667	0.000061358
-7.493333	0.000061840
-7.480000	0.000062778
-7.466667	0.000064259
-7.453333	0.000063523
-7.440000	0.000065513
-7.426667	0.000067108
-7.413333	0.000066722
-7.400000	0.000069755
-7.386667	0.000067485
-7.373333	0.000070553
-7.360000	0.000071657
-7.346667	0.000072893
-7.333333	0.000072963
-7.320000	0.000073989
-7.306667	0.000074804
-7.293333	0.000075251
-7.280000	0.000077109
-7.266667	0.000079502
-7.253333	0.000076715
-7.240000	0.000080107
-7.226667	0.000082000
-7.213333	0.000081764
-7.200000	0.000082474
-7.186667	0.000084174
-7.173333	0.000083411
-7.160000	0.000086769
-7.146667	0.000087926
-7.133333	0.000088934
-7.120000	0.000091353
-7.106667	0.000091046
-7.093333	0.000091554
-7.080000	0.000092790
-7.066667	0.000095727
-7.053333	0.000095131
-7.040000	0.000097164
-7.026667	0.000098023
-7.013333	0.000098321
-7.000000	0.000101363
-6.986667	0.000104413
-6.973333	0.000103730
-6.960000	0.000106570
-6.946667	0.000106561
-6.933333	0.000108498
-6.920000	0.000109900
-6.906667	0.000111356
-6.893333	0.000112118
-6.880000	0.000113582
-6.866667	0.000115466
-6.853333	0.000118061
-6.840000	0.000116247
-6.826667	0.000119709
-6.813333	0.000122821
-6.800000	0.000124100
-6.786667	0.000125328
-6.773333	0.000129438
-6.760000	0.000130035
-6.746667	0.000129921
-6.733333	0.000133146
-6.720000	0.000133453
-6.706667	0.000135075
-6.693333	0.000135706
-6.680000	0.000139764
-6.666667	0.000140053
-6.653333	0.000144375
-6.640000	0.000145286
-6.626667	0.000148170
-6.613333	0.000149634
-6.600000	0.000153394
-6.586667	0.000152439
-6.573333	0.000154139
-6.560000	0.000160065
-6.546667	0.000158759
-6.533333	0.000163466
-6.520000	0.000165245
-6.506667	0.000166341
-6.493333	0.000169619
-6.480000	0.000171039
-6.466667	0.000175501
-6.453333	0.000178218
-6.440000	0.000180146
-6.426667	0.000180549
-6.413333	0.000184099
-6.400000	0.000185204
-6.386667	0.000189797
-6.373333	0.000192584
-6.360000	0.000193776
-6.346667	0.000198729
-6.333333	0.000202349
-6.320000	0.000203103
-6.306667	0.000205084
-6.293333	0.000208984
-6.280000	0.000211789
-6.266667	0.000215497
-6.253333	0.000214866
-6.240000	0.000219783
-6.226667	0.000222851
-6.213333	0.000225893
-6.200000	0.000230416
-6.186667	0.000233650
-6.173333	0.000235736
-6.160000	0.000239050
-6.146667	0.000241723
-6.133333	0.000244037
-6.120000	0.000250278
-6.106667	0.000254249
-6.093333	0.000259508
-6.080000	0.000258377
-6.066667	0.000265872
-6.053333	0.000267011
-6.040000	0.000268940
-6.026667	0.000274935
-6.013333	0.000281124
-6.000000	0.000283376
-5.986667	0.000288749
-5.973333	0.000291809
-5.960000	0.000295814
-5.946667	0.000300451
-5.933333	0.000303151
-5.920000	0.000308892
-5.906667	0.000311820
-5.893333	0.000318087
-5.880000	0.000321839
-5.866667	0.000325880
-5.853333	0.000330376
-5.840000	0.000334566
-5.826667	0.000341333
-5.813333	0.000347311
-5.800000	0.000346382
-5.786667	0.000357417
-5.773333	0.000361046
-5.760000	0.000366779
-5.746667	0.000371898
-5.733333	0.000373371
-5.720000	0.000378928
-5.706667	0.000388421
-5.693333	0.000393592
-5.680000	0.000400701
-5.666667	0.000402410
-5.653333	0.000410238
-5.640000	0.000416435
-5.626667	0.000421878
-5.613333	0.000428689
-5.600000	0.000430722
-5.586667	0.000437104
-5.573333	0.000448630
-5.560000	0.000452908
-5.546667	0.000456537
-5.533333	0.000469509
-5.520000	0.000475014
-5.506667	0.000483288
-5.493333	0.000485366
-5.480000	0.000497567
-5.466667	0.000498733
-5.453333	0.000509751
-5.440000	0.000513196
-5.426667	0.000524556
-5.413333	0.000532734
-5.400000	0.000534864
-5.386667	0.000546952
-5.373333	0.000557899
-5.360000	0.000562975
-5.346667	0.000573107
-5.333333	0.000582504
-5.320000	0.000588885
-5.306667	0.000595792
-5.293333	0.000608002
-5.280000	0.000615453
-5.266667	0.000622474
-5.253333	0.000635017
-5.240000	0.000641635
-5.226667	0.000656396
-5.213333	0.000662313
-5.200000	0.000675426
-5.186667	0.000684875
-5.173333	0.000691098
-5.160000	0.000702774
-5.146667	0.000713845
-5.133333	0.000717193
-5.120000	0.000731989
-5.106667	0.000745470
-5.093333	0.000758136
-5.080000	0.000770513
-5.066667	0.000780242
-5.053333	0.000794030
-5.040000	0.000800701
-5.026667	0.000817916
-5.013333	0.000828846
-5.000000	0.000843625
-4.986667	0.000853232
-4.973333	0.000866976
-4.960000	0.000884997
-4.946667	0.000890362
-4.933333	0.000909470
-4.920000	0.000920024
-4.906667	0.000932453
-4.893333	0.000943287
-4.880000	0.000967489
-4.866667	0.000974790
-4.853333	0.000991190
-4.840000	0.001001454
-4.826667	0.001018889
-4.813333	0.001037708
-4.800000	0.001048858
-4.786667	0.001070657
-4.773333	0.001087583
-4.760000	0.001106727
-4.746667	0.001121584
-4.733333	0.001138089
-4.720000	0.001150887
-4.706667	0.001169285
-4.693333	0.001193215
-4.680000	0.001204154
-4.666667	0.001228610
-4.653333	0.001240399
-4.640000	0.001257491
-4.626667	0.001283200
-4.613333	0.001303492
-4.600000	0.001325318
-4.586667	0.001341981
-4.573333	0.001368023
-4.560000	0.001392741
-4.546667	0.001407011
-4.533333	0.001431388
-4.520000	0.001456115
-4.506667	0.001470035
-4.493333	0.001493903
-4.480000	0.001519428
-4.466667	0.001546609
-4.453333	0.001569329
-4.440000	0.001588578
-4.426667	0.001618170
-4.413333	0.001644632
-4.400000	0.001669254
-4.386667	0.001695060
-4.373333	0.001716307
-4.360000	0.001746407
-4.346667	0.001777428
-4.333333	0.001800034
-4.320000	0.001834727
-4.306667	0.001872050
-4.293333	0.001894236
-4.280000	0.001920874
-4.266667	0.001955365
-4.253333	0.001980487
-4.240000	0.002017679
-4.226667	0.002053967
-4.213333	0.002080220
-4.200000	0.002111030
-4.186667	0.002143190
-4.173333	0.002175438
-4.160000	0.002223087
-4.146667	0.002252863
-4.133333	0.002288143
-4.120000	0.002330024
-4.106667	0.002361966
-4.093333	0.002409693
-4.080000	0.002439636
-4.066667	0.002481639
-4.053333	0.002520479
-4.040000	0.002562246
-4.026667	0.002608536
-4.013333	0.002645622
-4.000000	0.002689660
-3.986667	0.002729130
-3.973333	0.002770967
-3.960000	0.002827004
-3.946667	0.002868728
-3.933333	0.002911871
-3.920000	0.002966444
-3.906667	0.003013777
-3.893333	0.003059866
-3.880000	0.003108067
-3.866667	0.003155856
-3.853333	0.003214435
-3.840000	0.003277791
-3.826667	0.003327955
-3.813333	0.003371914
-3.800000	0.003415758
-3.786667	0.003494743
-3.773333	0.003550456
-3.760000	0.003613873
-3.746667	0.003674337
-3.733333	0.003721679
-3.720000	0.003792249
-3.706667	0.003853256
-3.693333	0.003917033
-3.680000	0.003982791
-3.666667	0.004050057
-3.653333	0.004116980
-3.640000	0.004191109
-3.626667	0.004260163
-3.613333	0.004318751
-3.600000	0.004409280
-3.586667	0.004471409
-3.573333	0.004546458
-3.560000	0.004620710
-3.546667	0.004706006
-3.533333	0.004782431
-3.520000	0.004862722
-3.506667	0.004921740
-3.493333	0.005031666
-3.480000	0.005099589
-3.466667	0.005191363
-3.453333	0.005285416
-3.440000	0.005383860
-3.426667	0.005469007
-3.413333	0.005565040
-3.400000	0.005661030
-3.386667	0.005755696
-3.373333	0.005845112
-3.360000	0.005938867
-3.346667	0.006054622
-3.333333	0.006157528
-3.320000	0.006259434
-3.306667	0.006380265
-3.293333	0.006465228
-3.280000	0.006597244
-3.266667	0.006698931
-3.253333	0.006821199
-3.240000	0.006945738
-3.226667	0.007042745
-3.213333	0.007175680
-3.200000	0.007308397
-3.186667	0.007429202
-3.173333	0.007559631
-3.160000	0.007688333
-3.146667	0.007830674
-3.133333	0.007960682
-3.120000	0.008097230
-3.106667	0.008230902
-3.093333	0.008375101
-3.080000	0.008546473
-3.066667	0.008682065
-3.053333	0.008848879
-3.040000	0.008994148
-3.026667	0.009148340
-3.013333	0.009314532
-3.000000	0.009497124
-2.986667	0.009720886
-2.973333	0.009824914
-2.960000	0.010014001
-2.946667	0.010181516
-2.933333	0.010350539
-2.920000	0.010530510
-2.906667	0.010731667
-2.893333	0.010929038
-2.880000	0.011119851
-2.866667	0.011311577
-2.853333	0.011510393
-2.840000	0.011739564
-2.826667	0.011927503
-2.813333	0.012132613
-2.800000	0.012375108
-2.786667	0.012608933
-2.773333	0.012816515
-2.760000	0.013063532
-2.746667	0.013290670
-2.733333	0.013608459
-2.720000	0.013767341
-2.706667	0.014027418
-2.693333	0.014282255
-2.680000	0.014619889
-2.666667	0.014809800
-2.653333	0.015082526
-2.640000	0.015373107
-2.626667	0.015713520
-2.613333	0.015933926
-2.600000	0.016237050
-2.586667	0.016611403
-2.573333	0.016821167
-2.560000	0.017154839
-2.546667	0.017528622
-2.533333	0.017854387
-2.520000	0.018114746
-2.506667	0.018449277
-2.493333	0.018800208
-2.480000	0.019193774
-2.466667	0.019508372
-2.453333	0.019928515
-2.440000	0.020236732
-2.426667	0.020601811
-2.413333	0.020997480
-2.400000	0.021397138
-2.386667	0.021861949
-2.373333	0.022278630
-2.360000	0.022705040
-2.346667	0.023078629
-2.333333	0.023507967
-2.320000	0.024099893
-2.306667	0.024404070
-2.293333	0.024928959
-2.280000	0.025329993
-2.266667	0.025842093
-2.253333	0.026313023
-2.240000	0.026812194
-2.226667	0.027330378
-2.213333	0.027843468
-2.200000	0.028398633
-2.186667	0.028923408
-2.173333	0.029607818
-2.160000	0.030159231
-2.146667	0.030718025
-2.133333	0.031293832
-2.120000	0.031854440
-2.106667	0.032463416
-2.093333	0.033183098
-2.080000	0.033862021
-2.066667	0.034366136
-2.053333	0.035018377
-2.040000	0.035872381
-2.026667	0.036419919
-2.013333	0.037158885
-2.000000	0.037871398
-1.986667	0.038614212
-1.973333	0.039347997
-1.960000	0.040152248
-1.946667	0.040945709
-1.933333	0.041803893
-1.920000	0.042577465
-1.906667	0.043404208
-1.893333	0.044235061
-1.880000	0.045326247
-1.866667	0.046068176
-1.853333	0.047034393
-1.840000	0.048087616
-1.826667	0.048832972
-1.813333	0.049808674
-1.800000	0.050924280
-1.786667	0.051817999
-1.773333	0.052850930
-1.760000	0.053997513
-1.746667	0.055170164
-1.733333	0.056064970
-1.720000	0.057321620
-1.706667	0.058372170
-1.693333	0.059699776
-1.680000	0.060844702
-1.666667	0.062089282
-1.653333	0.063253965
-1.640000	0.064486703
-1.626667	0.065900841
-1.613333	0.067299526
-1.600000	0.068597741
-1.586667	0.070018786
-1.573333	0.071556384
-1.560000	0.072872779
-1.546667	0.074444203
-1.533333	0.075838689
-1.520000	0.077383992
-1.506667	0.079035636
-1.493333	0.080619884
-1.480000	0.082408050
-1.466667	0.084127495
-1.453333	0.085926222
-1.440000	0.087788570
-1.426667	0.089354769
-1.413333	0.091256140
-1.400000	0.093147632
-1.386667	0.094997734
-1.373333	0.097053507
-1.360000	0.099395408
-1.346667	0.101094500
-1.333333	0.103343979
-1.320000	0.105460479
-1.306667	0.107701088
-1.293333	0.109853446
-1.280000	0.112272440
-1.266667	0.114578973
-1.253333	0.117088258
-1.240000	0.119580670
-1.226667	0.122276483
-1.213333	0.124524323
-1.200000	0.127444776
-1.186667	0.129832319
-1.173333	0.132640846
-1.160000	0.135508066
-1.146667	0.138250002
-1.133333	0.141405560
-1.120000	0.144379402
-1.106667	0.147484576
-1.093333	0.150654062
-1.080000	0.153764469
-1.066667	0.157239805
-1.053333	0.160520077
-1.040000	0.163778698
-1.026667	0.167595692
-1.013333	0.170880328
-1.000000	0.174570434
-0.986667	0.178357950
-0.973333	0.182182210
-0.960000	0.186189115
-0.946667	0.189856124
-0.933333	0.194012093
-0.920000	0.198163863
-0.906667	0.202508797
-0.893333	0.206870349
-0.880000	0.211126112
-0.866667	0.215671238
-0.853333	0.220375631
-0.840000	0.225056611
-0.826667	0.230125653
-0.813333	0.234778751
-0.800000	0.239674519
-0.786667	0.245054750
-0.773333	0.249780767
-0.760000	0.255337550
-0.746667	0.261039848
-0.733333	0.266100650
-0.720000	0.271851815
-0.706667	0.277508357
-0.693333	0.283559657
-0.680000	0.289406847
-0.666667	0.295366066
-0.653333	0.301291119
-0.640000	0.307725019
-0.626667	0.314235039
-0.613333	0.320609615
-0.600000	0.326718995
-0.586667	0.333639366
-0.573333	0.340675834
-0.560000	0.347096973
-0.546667	0.354171676
-0.533333	0.361364703
-0.520000	0.368372044
-0.506667	0.375713645
-0.493333	0.382922152
-0.480000	0.390507184
-0.466667	0.397890789
-0.453333	0.405370023
-0.440000	0.413311702
-0.426667	0.420550494
-0.413333	0.428439352
-0.400000	0.435748258
-0.386667	0.443721081
-0.373333	0.451565823
-0.360000	0.459385321
-0.346667	0.466662268
-0.333333	0.474616105
-0.320000	0.481970731
-0.306667	0.489396891
-0.293333	0.497110661
-0.280000	0.504760532
-0.266667	0.511797938
-0.253333	0.518420979
-0.240000	0.526079965
-0.226667	0.532686456
-0.213333	0.539464311
-0.200000	0.545505978
-0.186667	0.551637227
-0.173333	0.557884022
-0.160000	0.562739512
-0.146667	0.568254003
-0.133333	0.572756529
-0.120000	0.577621697
-0.106667	0.581146970
-0.093333	0.585039863
-0.080000	0.587558816
-0.066667	0.590668049
-0.053333	0.592149400
-0.040000	0.594278486
-0.026667	0.595305720
-0.013333	0.595703791
0.000000	0.595679818
0.013333	0.595392550
0.026667	0.593857800
0.040000	0.592080109
0.053333	0.590527461
0.066667	0.587645199
0.080000	0.584624366
0.093333	0.581374949
0.106667	0.576812774
0.120000	0.572313842
0.133333	0.567621168
0.146667	0.562292662
0.160000	0.557327998
0.173333	0.551371916
0.186667	0.545178003
0.200000	0.538600508
0.213333	0.532073475
0.226667	0.525354962
0.240000	0.518249370
0.253333	0.511148423
0.266667	0.503787793
0.280000	0.496744277
0.293333	0.488544291
0.306667	0.482035884
0.320000	0.474339294
0.333333	0.466129631
0.346667	0.458518170
0.360000	0.451097480
0.373333	0.443116339
0.386667	0.434980489
0.400000	0.427866263
0.413333	0.420442504
0.426667	0.412551103
0.440000	0.405077233
0.453333	0.397894724
0.466667	0.390099007
0.480000	0.382742417
0.493333	0.375286972
0.506667	0.368092805
0.520000	0.361124698
0.533333	0.353853019
0.546667	0.347417225
0.560000	0.340267095
0.573333	0.333733366
0.586667	0.326845523
0.600000	0.320404531
0.613333	0.314166686
0.626667	0.307790111
0.640000	0.301190098
0.653333	0.295346756
0.666667	0.288962564
0.680000	0.282970325
0.693333	0.277377428
0.706667	0.271642725
0.720000	0.266008193
0.733333	0.260359575
0.746667	0.254959131
0.760000	0.250241625
0.773333	0.244505642
0.786667	0.239543468
0.800000	0.234854800
0.813333	0.229594541
0.826667	0.224880436
0.840000	0.220065082
0.853333	0.215351801
0.866667	0.211071994
0.880000	0.206426268
0.893333	0.202402692
0.906667	0.197964214
0.920000	0.193843754
0.933333	0.190048919
0.946667	0.185946217
0.960000	0.182369027
0.973333	0.178126982
0.986667	0.174548433
1.000000	0.170859247
1.013333	0.167034593
1.026667	0.163774806
1.040000	0.160263584
1.053333	0.156944342
1.066667	0.153617482
1.080000	0.150394396
1.093333	0.147258771
1.106667	0.144107543
1.120000	0.141154703
1.133333	0.138218359
1.146667	0.135384386
1.160000	0.132554629
1.173333	0.129733103
1.186667	0.127131255
1.200000	0.124422382
1.213333	0.121811707
1.226667	0.119205038
1.240000	0.116915939
1.253333	0.114368980
1.266667	0.112069179
1.280000	0.109770421
1.293333	0.107528935
1.306667	0.105276081
1.320000	0.102972678
1.333333	0.101036868
1.346667	0.098958392
1.360000	0.096808523
1.373333	0.094870566
1.386667	0.092938525
1.400000	0.090974683
1.413333	0.089098636
1.426667	0.087319946
1.440000	0.085552282
1.453333	0.084079188
1.466667	0.082047739
1.480000	0.080465227
1.493333	0.078880059
1.506667	0.077271646
1.520000	0.075690010
1.533333	0.074122478
1.546667	0.072737126
1.560000	0.071131438
1.573333	0.069670388
1.586667	0.068382779
1.600000	0.066920247
1.613333	0.065819744
1.626667	0.064398716
1.640000	0.063016117
1.653333	0.061864485
1.666667	0.060565112
1.680000	0.059491790
1.693333	0.058153885
1.706667	0.056956402
1.720000	0.055893546
1.733333	0.054808066
1.746667	0.053672256
1.760000	0.052725690
1.773333	0.051554494
1.786667	0.050612872
1.800000	0.049642403
1.813333	0.048611392
1.826667	0.047630545
1.840000	0.046801611
1.853333	0.045786044
1.866667	0.044891764
1.880000	0.044114651
1.893333	0.043236052
1.906667	0.042587387
1.920000	0.041600334
1.933333	0.040751178
1.946667	0.039932509
1.960000	0.039159805
1.973333	0.038454182
1.986667	0.037660686
2.000000	0.036937989
2.013333	0.036305426
2.026667	0.035563804
2.040000	0.034985683
2.053333	0.034214565
2.066667	0.033533293
2.080000	0.032904174
2.093333	0.032355154
2.106667	0.031668763
2.120000	0.031083586
2.133333	0.030496690
2.146667	0.029900942
2.160000	0.029341815
2.173333	0.028785818
2.186667	0.028241329
2.200000	0.027736469
2.213333	0.027193331
2.226667	0.026671781
2.240000	0.026181437
2.253333	0.025685430
2.266667	0.025200993
2.280000	0.024759436
2.293333	0.024284019
2.306667	0.023829735
2.320000	0.023389695
2.333333	0.022972778
2.346667	0.022676762
2.360000	0.022113463
2.373333	0.021724491
2.386667	0.021323833
2.400000	0.020944976
2.413333	0.020519057
2.426667	0.020181046
2.440000	0.019877816
2.453333	0.019444262
2.466667	0.019238767
2.480000	0.018811892
2.493333	0.018435261
2.506667	0.018027363
2.520000	0.017815802
2.533333	0.017440328
2.546667	0.017101440
2.560000	0.016868474
2.573333	0.016483770
2.586667	0.016181013
2.600000	0.015877038
2.613333	0.015682210
2.626667	0.015326344
2.640000	0.015030661
2.653333	0.014792882
2.666667	0.014503142
2.680000	0.014253495
2.693333	0.014010291
2.706667	0.013743394
2.720000	0.013512566
2.733333	0.013276488
2.746667	0.013102346
2.760000	0.012789106
2.773333	0.012580384
2.786667	0.012344569
2.800000	0.012154018
2.813333	0.011928152
2.826667	0.011730369
2.840000	0.011510157
2.853333	0.011380034
2.866667	0.011115118
2.880000	0.010911945
2.893333	0.010739074
2.906667	0.010539258
2.920000	0.010356877
2.933333	0.010169815
2.946667	0.010012607
2.960000	0.009842296
2.973333	0.009658310
2.986667	0.009493293
3.000000	0.009333667
3.013333	0.009170674
3.026667	0.009079505
3.040000	0.008857408
3.053333	0.008691532
3.066667	0.008549524
3.080000	0.008420576
3.093333	0.008261914
3.106667	0.008114305
3.120000	0.007986584
3.133333	0.007849844
3.146667	0.007713998
3.160000	0.007593009
3.173333	0.007453070
3.186667	0.007331380
3.200000	0.007209936
3.213333	0.007088754
3.226667	0.006974918
3.240000	0.006849503
3.253333	0.006725779
3.266667	0.006623400
3.280000	0.006504874
3.293333	0.006415274
3.306667	0.006285047
3.320000	0.006181484
3.333333	0.006083452
3.346667	0.005986016
3.360000	0.005885713
3.373333	0.005794641
3.386667	0.005705698
3.400000	0.005586507
3.413333	0.005504989
3.426667	0.005419105
3.440000	0.005321117
3.453333	0.005239827
3.466667	0.005144196
3.480000	0.005064554
3.493333	0.004978399
3.506667	0.004901018
3.520000	0.004834769
3.533333	0.004737710
3.546667	0.004654036
3.560000	0.004580161
3.573333	0.004510047
3.586667	0.004446507
3.600000	0.004362061
3.613333	0.004296390
3.626667	0.004223226
3.640000	0.004161500
3.653333	0.004088607
3.666667	0.004019991
3.680000	0.003972334
3.693333	0.003904017
3.706667	0.003833534
3.720000	0.003770379
3.733333	0.003706532
3.746667	0.003635454
3.760000	0.003585938
3.773333	0.003535090
3.786667	0.003468438
3.800000	0.003423244
3.813333	0.003373798
3.826667	0.003323257
3.840000	0.003267299
3.853333	0.003205845
3.866667	0.003162649
3.880000	0.003091360
3.893333	0.003046577
3.906667	0.003003943
3.920000	0.002960580
3.933333	0.002923371
3.946667	0.002872304
3.960000	0.002819019
3.973333	0.002779198
3.986667	0.002728823
4.000000	0.002690089
4.013333	0.002651048
4.026667	0.002604933
4.040000	0.002561185
4.053333	0.002525782
4.066667	0.002494884
4.080000	0.002444553
4.093333	0.002406099
4.106667	0.002366567
4.120000	0.002336423
4.133333	0.002308234
4.146667	0.002266589
4.160000	0.002225339
4.173333	0.002193986
4.186667	0.002159108
4.200000	0.002127412
4.213333	0.002106332
4.226667	0.002067317
4.240000	0.002029661
4.253333	0.001995783
4.266667	0.001963763
4.280000	0.001936099
4.293333	0.001911810
4.306667	0.001879773
4.320000	0.001848472
4.333333	0.001819458
4.346667	0.001800122
4.360000	0.001764148
4.373333	0.001738045
4.386667	0.001713747
4.400000	0.001685093
4.413333	0.001659376
4.426667	0.001639689
4.440000	0.001615251
4.453333	0.001593478
4.466667	0.001568461
4.480000	0.001539448
4.493333	0.001517017
4.506667	0.001495971
4.520000	0.001472305
4.533333	0.001443546
4.546667	0.001423946
4.560000	0.001407792
4.573333	0.001382013
4.586667	0.001359573
4.600000	0.001339947
4.613333	0.001320944
4.626667	0.001304860
4.640000	0.001281649
4.653333	0.001266458
4.666667	0.001246070
4.680000	0.001231449
4.693333	0.001211526
4.706667	0.001191602
4.720000	0.001174352
4.733333	0.001152210
4.746667	0.001141964
4.760000	0.001122294
4.773333	0.001102081
4.786667	0.001087706
4.800000	0.001072279
4.813333	0.001052863
4.826667	0.001050567
4.840000	0.001031371
4.853333	0.001011771
4.866667	0.000999079
4.880000	0.000979743
4.893333	0.000970399
4.906667	0.000949940
4.920000	0.000939360
4.933333	0.000920208
4.946667	0.000912012
4.960000	0.000901818
4.973333	0.000885585
4.986667	0.000871911
5.000000	0.000862663
5.013333	0.000845501
5.026667	0.000827707
5.040000	0.000814007
5.053333	0.000808686
5.066667	0.000793101
5.080000	0.000788841
5.093333	0.000776666
5.106667	0.000766218
5.120000	0.000752956
5.133333	0.000737818
5.146667	0.000732611
5.160000	0.000717693
5.173333	0.000709944
5.186667	0.000702861
5.200000	0.000689249
5.213333	0.000685059
5.226667	0.000671744
5.240000	0.000657466
5.253333	0.000653714
5.266667	0.000643020
5.280000	0.000632703
5.293333	0.000625226
5.306667	0.000615874
5.320000	0.000609361
5.333333	0.000599509
5.346667	0.000591418
5.360000	0.000578533
5.373333	0.000569067
5.386667	0.000566156
5.400000	0.000557672
5.413333	0.000551702
5.426667	0.000540509
5.440000	0.000535574
5.453333	0.000526546
5.466667	0.000518815
5.480000	0.000513827
5.493333	0.000503230
5.506667	0.000494009
5.520000	0.000489266
5.533333	0.000486269
5.546667	0.000477652
5.560000	0.000471788
5.573333	0.000463452
5.586667	0.000457360
5.600000	0.000448507
5.613333	0.000444283
5.626667	0.000438603
5.640000	0.000430240
5.653333	0.000422930
5.666667	0.000419625
5.680000	0.000413183
5.693333	0.000406136
5.706667	0.000402489
5.720000	0.000398571
5.733333	0.000393128
5.746667	0.000386194
5.760000	0.000379541
5.773333	0.000374720
5.786667	0.000371118
5.800000	0.000364000
5.813333	0.000362536
5.826667	0.000357391
5.840000	0.000350098
5.853333	0.000345593
5.866667	0.000341000
5.880000	0.000337616
5.893333	0.000329780
5.906667	0.000328185
5.920000	0.000323180
5.933333	0.000317298
5.946667	0.000313994
5.960000	0.000307911
5.973333	0.000303063
5.986667	0.000301643
6.000000	0.000296919
6.013333	0.000290792
6.026667	0.000286470
6.040000	0.000282798
6.053333	0.000279441
6.066667	0.000278713
6.080000	0.000271035
6.093333	0.000268607
6.106667	0.000266310
6.120000	0.000261954
6.133333	0.000259946
6.146667	0.000256756
6.160000	0.000253688
6.173333	0.000248972
6.186667	0.000247911
6.200000	0.000242757
6.213333	0.000240286
6.226667	0.000235929
6.240000	0.000232528
6.253333	0.000231196
6.266667	0.000226533
6.280000	0.000223894
6.293333	0.000218363
6.306667	0.000217180
6.320000	0.000213393
6.333333	0.000210133
6.346667	0.000209852
6.360000	0.000205987
6.373333	0.000201604
6.386667	0.000200508
6.400000	0.000197519
6.413333	0.000195906
6.426667	0.000195407
6.440000	0.000189508
6.453333	0.000186896
6.466667	0.000186352
6.480000	0.000181084
6.493333	0.000181084
6.506667	0.000177587
6.520000	0.000176395
6.533333	0.000173195
6.546667	0.000171819
6.560000	0.000170364
6.573333	0.000169216
6.586667	0.000165675
6.600000	0.000162344
6.613333	0.000159556
6.626667	0.000157882
6.640000	0.000153298
6.653333	0.000155665
6.666667	0.000151308
6.680000	0.000152001
6.693333	0.000148670
6.706667	0.000146180
6.720000	0.000143507
6.733333	0.000142315
6.746667	0.000138896
6.760000	0.000139045
6.773333	0.000136661
6.786667	0.000134750
6.800000	0.000133287
6.813333	0.000131744
6.826667	0.000131323
6.840000	0.000127107
6.853333	0.000128203
6.866667	0.000125003
6.880000	0.000120778
6.893333	0.000121050
6.906667	0.000119963
6.920000	0.000118315
6.933333	0.000117316
6.946667	0.000115019
6.960000	0.000112758
6.973333	0.000112732
6.986667	0.000110917
7.000000	0.000109392
7.013333	0.000106184
7.026667	0.000105325
7.040000	0.000105404
7.053333	0.000103510
7.066667	0.000102450
7.080000	0.000103440
7.093333	0.000099960
7.106667	0.000098199
7.120000	0.000098365
7.133333	0.000096428
7.146667	0.000094579
7.160000	0.000093544
7.173333	0.000091739
7.186667	0.000091370
7.200000	0.000091099
7.213333	0.000089503
7.226667	0.000088513
7.240000	0.000086620
7.253333	0.000085042
7.266667	0.000085445
7.280000	0.000083718
7.293333	0.000081764
7.306667	0.000080458
7.320000	0.000080431
7.333333	0.000077530
7.346667	0.000077433
7.360000	0.000076916
7.373333	0.000076206
7.386667	0.000073778
7.400000	0.000072472
7.413333	0.000072271
7.426667	0.000073577
7.440000	0.000071824
7.453333	0.000071271
7.466667	0.000071061
7.480000	0.000070176
7.493333	0.000067739
7.506667	0.000066249
7.520000	0.000066827
7.533333	0.000065048
7.546667	0.000064908
7.560000	0.000063663
7.573333	0.000062357
7.586667	0.000062375
7.600000	0.000060227
7.613333	0.000060402
7.626667	0.000060017
7.640000	0.000058176
7.653333	0.000058535
7.666667	0.000057729
7.680000	0.000057703
7.693333	0.000056318
7.706667	0.000054722
7.720000	0.000055134
7.733333	0.000054486
7.746667	0.000052785
7.760000	0.000050120
7.773333	0.000052137
7.786667	0.000050655
7.800000	0.000050489
7.813333	0.000048832
7.826667	0.000050480
7.840000	0.000047728
7.853333	0.000047456
7.866667	0.000048008
7.880000	0.000046965
7.893333	0.000046211
7.906667	0.000045107
7.920000	0.000044940
7.933333	0.000044590
7.946667	0.000042845
7.960000	0.000043134
7.973333	0.000042775
7.986667	0.000044256
8.000000	0.000042328
8.013333	0.000041443
8.026667	0.000040522
8.040000	0.000040417
8.053333	0.000040216
8.066667	0.000040128
8.080000	0.000039251
8.093333	0.000037753
8.106667	0.000037384
8.120000	0.000037376
8.133333	0.000036920
8.146667	0.000036841
8.160000	0.000036219
8.173333	0.000035596
8.186667	0.000035053
8.200000	0.000034728
8.213333	0.000034273
8.226667	0.000034238
8.240000	0.000032949
8.253333	0.000033151
8.266667	0.000032108
8.280000	0.000031932
8.293333	0.000030547
8.306667	0.000031713
8.320000	0.000032143
8.333333	0.000029531
8.346667	0.000031170
8.360000	0.000029715
8.373333	0.000029758
8.386667	0.000028829
8.400000	0.000029198
8.413333	0.000028163
8.426667	0.000027988
8.440000	0.000028295
8.453333	0.000027699
8.466667	0.000027366
8.480000	0.000026577
8.493333	0.000026200
8.506667	0.000027243
8.520000	0.000025244
8.533333	0.000025122
8.546667	0.000025376
8.560000	0.000025446
8.573333	0.000023877
8.586667	0.000023921
8.600000	0.000022974
8.613333	0.000024263
8.626667	0.000023991
8.640000	0.000023684
8.653333	0.000022588
8.666667	0.000022343
8.680000	0.000022904
8.693333	0.000022562
8.706667	0.000021896
8.720000	0.000021379
8.733333	0.000021501
8.746667	0.000021510
8.760000	0.000021221
8.773333	0.000021449
8.786667	0.000020213
8.800000	0.000020213
8.813333	0.000019608
8.826667	0.000019319
8.840000	0.000019372
8.853333	0.000018854
8.866667	0.000019748
8.880000	0.000018986
8.893333	0.000018942
8.906667	0.000018749
8.920000	0.000018477
8.933333	0.000017434
8.946667	0.000018153
8.960000	0.000017636
8.973333	0.000017259
8.986667	0.000016610
9.000000	0.000017119
9.013333	0.000016908
9.026667	0.000016628
9.040000	0.000016190
9.053333	0.000015883
9.066667	0.000016479
9.080000	0.000014787
9.093333	0.000015190
9.106667	0.000015155
9.120000	0.000015287
9.133333	0.000014489
9.146667	0.000015304
9.160000	0.000013805
9.173333	0.000013919
9.186667	0.000015050
9.200000	0.000013981
9.213333	0.000013946
9.226667	0.000013832
9.240000	0.000013534
9.253333	0.000013709
9.266667	0.000013376
9.280000	0.000013499
9.293333	0.000012587
9.306667	0.000012727
9.320000	0.000012456
9.333333	0.000013043
9.346667	0.000012605
9.360000	0.000012131
9.373333	0.000012280
9.386667	0.000011991
9.400000	0.000011886
9.413333	0.000011737
9.426667	0.000011526
9.440000	0.000011500
9.453333	0.000011746
9.466667	0.000011395
9.480000	0.000010930
9.493333	0.000010869
9.506667	0.000010957
9.520000	0.000010475
9.533333	0.000010142
9.546667	0.000010299
9.560000	0.000010168
9.573333	0.000009686
9.586667	0.000009659
9.600000	0.000009984
9.613333	0.000009826
9.626667	0.000009738
9.640000	0.000009160
9.653333	0.000008897
9.666667	0.000009291
9.680000	0.000009204
9.693333	0.000008537
9.706667	0.000009055
9.720000	0.000008687
9.733333	0.000008888
9.746667	0.000009090
9.760000	0.000008432
9.773333	0.000008564
9.786667	0.000008494
9.800000	0.000008161
9.813333	0.000007906
9.826667	0.000007924
9.840000	0.000008134
9.853333	0.000008161
9.866667	0.000007065
9.880000	0.000008266
9.893333	0.000006960
9.906667	0.000007836
9.920000	0.000007486
9.933333	0.000007468
9.946667	0.000007398
9.960000	0.000007687
9.973333	0.000007117
9.986667	0.000007135
10.000000	0.000007021
10.013333	0.000006662
10.026667	0.000006714
10.040000	0.000006679
10.053333	0.000006898
10.066667	0.000006399
10.080000	0.000006714
10.093333	0.000006294
10.106667	0.000006031
10.120000	0.000006267
10.133333	0.000006407
10.146667	0.000006188
10.160000	0.000006109
10.173333	0.000006407
10.186667	0.000006294
10.200000	0.000005829
10.213333	0.000005636
10.226667	0.000005610
10.240000	0.000005619
10.253333	0.000005680
10.266667	0.000005540
10.280000	0.000005575
10.293333	0.000004900
10.306667	0.000005803
10.320000	0.000005137
10.333333	0.000004725
10.346667	0.000005040
10.360000	0.000005207
10.373333	0.000005128
10.386667	0.000005242
10.400000	0.000004961
10.413333	0.000005101
10.426667	0.000004602
10.440000	0.000005031
10.453333	0.000004900
10.466667	0.000004523
10.480000	0.000004707
10.493333	0.000004251
10.506667	0.000004383
10.520000	0.000004672
10.533333	0.000004409
10.546667	0.000004497
10.560000	0.000004260
10.573333	0.000004190
10.586667	0.000004225
10.600000	0.000004146
10.613333	0.000003901
10.626667	0.000004102
10.640000	0.000003962
10.653333	0.000004015
10.666667	0.000003822
10.680000	0.000004111
10.693333	0.000003611
10.706667	0.000003971
10.720000	0.000004164
10.733333	0.000003690
10.746667	0.000003681
10.760000	0.000003699
10.773333	0.000003778
10.786667	0.000003515
10.800000	0.000003497
10.813333	0.000003436
10.826667	0.000003287
10.840000	0.000003594
10.853333	0.000003506
10.866667	0.000003348
10.880000	0.000003313
10.893333	0.000003480
10.906667	0.000003383
10.920000	0.000003410
10.933333	0.000003112
10.946667	0.000003007
10.960000	0.000003261
10.973333	0.000003015
10.986667	0.000003129
11.000000	0.000002963
11.013333	0.000003077
11.026667	0.000003085
11.040000	0.000002805
11.053333	0.000002761
11.066667	0.000003042
11.080000	0.000002393
11.093333	0.000002787
11.106667	0.000002542
11.120000	0.000002437
11.133333	0.000002621
11.146667	0.000002744
11.160000	0.000002831
11.173333	0.000002595
11.186667	0.000002507
11.200000	0.000002752
11.213333	0.000002498
11.226667	0.000002507
11.240000	0.000002358
11.253333	0.000002261
11.266667	0.000002551
11.280000	0.000002349
11.293333	0.000002630
11.306667	0.000002095
11.320000	0.000002498
11.333333	0.000002121
11.346667	0.000002104
11.360000	0.000002121
11.373333	0.000002218
11.386667	0.000002034
11.400000	0.000002095
11.413333	0.000002121
11.426667	0.000002095
11.440000	0.000002253
11.453333	0.000002174
11.466667	0.000002060
11.480000	0.000001885
11.493333	0.000002130
11.506667	0.000002183
11.520000	0.000001858
11.533333	0.000002025
11.546667	0.000001928
11.560000	0.000001779
11.573333	0.000001788
11.586667	0.000001814
11.600000	0.000001788
11.613333	0.000001674
11.626667	0.000001841
11.640000	0.000001718
11.653333	0.000001595
11.666667	0.000001744
11.680000	0.000001876
11.693333	0.000001709
11.706667	0.000001665
11.720000	0.000001797
11.733333	0.000001543
11.746667	0.000001630
11.760000	0.000001622
11.773333	0.000001551
11.786667	0.000001508
11.800000	0.000001569
11.813333	0.000001595
11.826667	0.000001429
11.840000	0.000001297
11.853333	0.000001315
11.866667	0.000001289
11.880000	0.000001332
11.893333	0.000001245
11.906667	0.000001376
11.920000	0.000001280
11.933333	0.000001166
11.946667	0.000001245
11.960000	0.000001543
11.973333	0.000001367
11.986667	0.000001297
12.000000	0.000001324
12.013333	0.000001402
12.026667	0.000001280
12.040000	0.000001157
12.053333	0.000001043
12.066667	0.000001148
12.080000	0.000001096
12.093333	0.000001008
12.106667	0.000001148
12.120000	0.000001166
12.133333	0.000000903
12.146667	0.000001052
12.160000	0.000001078
12.173333	0.000001122
12.186667	0.000000964
12.200000	0.000001043
12.213333	0.000000999
12.226667	0.000001113
12.240000	0.000001026
12.253333	0.000001183
12.266667	0.000001104
12.280000	0.000000903
12.293333	0.000001087
12.306667	0.000000824
12.320000	0.000000824
12.333333	0.000001008
12.346667	0.000000973
12.360000	0.000000982
12.373333	0.000000973
12.386667	0.000000947
12.400000	0.000000859
12.413333	0.000000763
12.426667	0.000000771
12.440000	0.000000885
12.453333	0.000000973
12.466667	0.000000754
12.480000	0.000000859
12.493333	0.000000728
12.506667	0.000000771
12.520000	0.000000833
12.533333	0.000000806
12.546667	0.000000850
12.560000	0.000000815
12.573333	0.000000824
12.586667	0.000000649
12.600000	0.000000789
12.613333	0.000000736
12.626667	0.000000692
12.640000	0.000000622
12.653333	0.000000728
12.666667	0.000000649
12.680000	0.000000684
12.693333	0.000000763
12.706667	0.000000570
12.720000	0.000000771
12.733333	0.000000614
12.746667	0.000000754
12.760000	0.000000631
12.773333	0.000000692
12.786667	0.000000692
12.800000	0.000000692
12.813333	0.000000614
12.826667	0.000000771
12.840000	0.000000587
12.853333	0.000000508
12.866667	0.000000587
12.880000	0.000000710
12.893333	0.000000465
12.906667	0.000000465
12.920000	0.000000675
12.933333	0.000000587
12.946667	0.000000535
12.960000	0.000000649
12.973333	0.000000508
12.986667	0.000000543
13.000000	0.000000543
13.013333	0.000000500
13.026667	0.000000535
13.040000	0.000000473
13.053333	0.000000535
13.066667	0.000000508
13.080000	0.000000491
13.093333	0.000000491
13.106667	0.000000543
13.120000	0.000000517
13.133333	0.000000526
13.146667	0.000000438
13.160000	0.000000465
13.173333	0.000000394
13.186667	0.000000526
13.200000	0.000000342
13.213333	0.000000456
13.226667	0.000000412
13.240000	0.000000351
13.253333	0.000000491
13.266667	0.000000447
13.280000	0.000000508
13.293333	0.000000377
13.306667	0.000000351
13.320000	0.000000500
13.333333	0.000000421
13.346667	0.000000430
13.360000	0.000000430
13.373333	0.000000421
13.386667	0.000000333
13.400000	0.000000359
13.413333	0.000000368
13.426667	0.000000482
13.440000	0.000000351
13.453333	0.000000438
13.466667	0.000000473
13.480000	0.000000254
13.493333	0.000000394
13.506667	0.000000351
13.520000	0.000000342
13.533333	0.000000500
13.546667	0.000000333
13.560000	0.000000456
13.573333	0.000000386
13.586667	0.000000333
13.600000	0.000000307
13.613333	0.000000333
13.626667	0.000000351
13.640000	0.000000307
13.653333	0.000000333
13.666667	0.000000421
13.680000	0.000000324
13.693333	0.000000386
13.706667	0.000000421
13.720000	0.000000316
13.733333	0.000000394
13.746667	0.000000254
13.760000	0.000000254
13.773333	0.000000280
13.786667	0.000000351
13.800000	0.000000298
13.813333	0.000000263
13.826667	0.000000307
13.840000	0.000000368
13.853333	0.000000403
13.866667	0.000000254
13.880000	0.000000228
13.893333	0.000000316
13.906667	0.000000272
13.920000	0.000000289
13.933333	0.000000324
13.946667	0.000000298
13.960000	0.000000245
13.973333	0.000000272
13.986667	0.000000245
14.000000	0.000000263
14.013333	0.000000228
14.026667	0.000000280
14.040000	0.000000254
14.053333	0.000000272
14.066667	0.000000237
14.080000	0.000000237
14.093333	0.000000280
14.106667	0.000000245
14.120000	0.000000219
14.133333	0.000000386
14.146667	0.000000280
14.160000	0.000000289
14.173333	0.000000272
14.186667	0.000000307
14.200000	0.000000263
14.213333	0.000000237
14.226667	0.000000140
14.240000	0.000000219
14.253333	0.000000167
14.266667	0.000000228
14.280000	0.000000158
14.293333	0.000000228
14.306667	0.000000184
14.320000	0.000000158
14.333333	0.000000193
14.346667	0.000000263
14.360000	0.000000167
14.373333	0.000000210
14.386667	0.000000167
14.400000	0.000000175
14.413333	0.000000210
14.426667	0.000000140
14.440000	0.000000131
14.453333	0.000000149
14.466667	0.000000184
14.480000	0.000000175
14.493333	0.000000228
14.506667	0.000000210
14.520000	0.000000149
14.533333	0.000000184
14.546667	0.000000175
14.560000	0.000000237
14.573333	0.000000175
14.586667	0.000000123
14.600000	0.000000210
14.613333	0.000000167
14.626667	0.000000123
14.640000	0.000000158
14.653333	0.000000210
14.666667	0.000000131
14.680000	0.000000175
14.693333	0.000000149
14.706667	0.000000114
14.720000	0.000000184
14.733333	0.000000175
14.746667	0.000000123
14.760000	0.000000149
14.773333	0.000000140
14.786667	0.000000158
14.800000	0.000000114
14.813333	0.000000175
14.826667	0.000000114
14.840000	0.000000140
14.853333	0.000000158
14.866667	0.000000123
14.880000	0.000000088
14.893333	0.000000088
14.906667	0.000000123
14.920000	0.000000167
14.933333	0.000000123
14.946667	0.000000140
14.960000	0.000000167
14.973333	0.000000088
14.986667	0.000000105
15.000000	0.000000096
15.013333	0.000000088
15.026667	0.000000193
15.040000	0.000000149
15.053333	0.000000070
15.066667	0.000000088
15.080000	0.000000079
15.093333	0.000000158
15.106667	0.000000123
15.120000	0.000000105
15.133333	0.000000096
15.146667	0.000000088
15.160000	0.000000123
15.173333	0.000000114
15.186667	0.000000088
15.200000	0.000000114
15.213333	0.000000079
15.226667	0.000000079
15.240000	0.000000053
15.253333	0.000000070
15.266667	0.000000096
15.280000	0.000000061
15.293333	0.000000105
15.306667	0.000000131
15.320000	0.000000131
15.333333	0.000000070
15.346667	0.000000131
15.360000	0.000000079
15.373333	0.000000079
15.386667	0.000000105
15.400000	0.000000114
15.413333	0.000000096
15.426667	0.000000096
15.440000	0.000000096
15.453333	0.000000114
15.466667	0.000000123
15.480000	0.000000079
15.493333	0.000000079
15.506667	0.000000140
15.520000	0.000000114
15.533333	0.000000096
15.546667	0.000000035
15.560000	0.000000114
15.573333	0.000000061
15.586667	0.000000070
15.600000	0.000000088
15.613333	0.000000061
15.626667	0.000000053
15.640000	0.000000035
15.653333	0.000000070
15.666667	0.000000053
15.680000	0.000000114
15.693333	0.000000070
15.706667	0.000000053
15.720000	0.000000088
15.733333	0.000000079
15.746667	0.000000114
15.760000	0.000000096
15.773333	0.000000053
15.786667	0.000000070
15.800000	0.000000096
15.813333	0.000000088
15.826667	0.000000079
15.840000	0.000000053
15.853333	0.000000088
15.866667	0.000000088
15.880000	0.000000061
15.893333	0.000000061
15.906667	0.000000079
15.920000	0.000000044
15.933333	0.000000088
15.946667	0.000000088
15.960000	0.000000053
15.973333	0.000000070
15.986667	0.000000079
16.000000	0.000000070
16.013333	0.000000044
16.026667	0.000000053
16.040000	0.000000026
16.053333	0.000000079
16.066667	0.000000018
16.080000	0.000000088
16.093333	0.000000035
16.106667	0.000000044
16.120000	0.000000044
16.133333	0.000000096
16.146667	0.000000035
16.160000	0.000000053
16.173333	0.000000044
16.186667	0.000000018
16.200000	0.000000035
16.213333	0.000000026
16.226667	0.000000018
16.240000	0.000000018
16.253333	0.000000044
16.266667	0.000000044
16.280000	0.000000061
16.293333	0.000000053
16.306667	0.000000061
16.320000	0.000000009
16.333333	0.000000026
16.346667	0.000000114
16.360000	0.000000000
16.373333	0.000000053
16.386667	0.000000044
16.400000	0.000000000
16.413333	0.000000061
16.426667	0.000000044
16.440000	0.000000026
16.453333	0.000000044
16.466667	0.000000070
16.480000	0.000000061
16.493333	0.000000018
16.506667	0.000000053
16.520000	0.000000035
16.533333	0.000000053
16.546667	0.000000070
16.560000	0.000000026
16.573333	0.000000044
16.586667	0.000000026
16.600000	0.000000053
16.613333	0.000000044
16.626667	0.000000026
16.640000	0.000000044
16.653333	0.000000026
16.666667	0.000000026
16.680000	0.000000018
16.693333	0.000000044
16.706667	0.000000035
16.720000	0.000000018
16.733333	0.000000035
16.746667	0.000000018
16.760000	0.000000044
16.773333	0.000000026
16.786667	0.000000026
16.800000	0.000000035
16.813333	0.000000035
16.826667	0.000000009
16.840000	0.000000018
16.853333	0.000000035
16.866667	0.000000044
16.880000	0.000000035
16.893333	0.000000018
16.906667	0.000000018
16.920000	0.000000035
16.933333	0.000000044
16.946667	0.000000026
16.960000	0.000000035
16.973333	0.000000009
16.986667	0.000000035
17.000000	0.000000000
17.013333	0.000000026
17.026667	0.000000009
17.040000	0.000000018
17.053333	0.000000026
17.066667	0.000000018
17.080000	0.000000044
17.093333	0.000000009
17.106667	0.000000018
17.120000	0.000000009
17.133333	0.000000000
17.146667	0.000000026
17.160000	0.000000018
17.173333	0.000000009
17.186667	0.000000026
17.200000	0.000000026
17.213333	0.000000026
17.226667	0.000000018
17.240000	0.000000018
17.253333	0.000000018
17.266667	0.000000009
17.280000	0.000000044
17.293333	0.000000009
17.306667	0.000000009
17.320000	0.000000018
17.333333	0.000000018
17.346667	0.000000035
17.360000	0.000000018
17.373333	0.000000026
17.386667	0.000000018
17.400000	0.000000018
17.413333	0.000000009
17.426667	0.000000009
17.440000	0.000000035
17.453333	0.000000035
17.466667	0.000000026
17.480000	0.000000009
17.493333	0.000000018
17.506667	0.000000009
17.520000	0.000000026
17.533333	0.000000044
17.546667	0.000000018
17.560000	0.000000000
17.573333	0.000000026
17.586667	0.000000009
17.600000	0.000000035
17.613333	0.000000018
17.626667	0.000000000
17.640000	0.000000009
17.653333	0.000000009
17.666667	0.000000044
17.680000	0.000000035
17.693333	0.000000018
17.706667	0.000000018
17.720000	0.000000000
17.733333	0.000000018
17.746667	0.000000009
17.760000	0.000000000
17.773333	0.000000018
17.786667	0.000000018
17.800000	0.000000009
17.813333	0.000000035
17.826667	0.000000009
17.840000	0.000000018
17.853333	0.000000009
17.866667	0.000000009
17.880000	0.000000009
17.893333	0.000000018
17.906667	0.000000018
17.920000	0.000000018
17.933333	0.000000000
17.946667	0.000000009
17.960000	0.000000018
17.973333	0.000000009
17.986667	0.000000009
18.000000	0.000000009
18.013333	0.000000000
18.026667	0.000000000
18.040000	0.000000009
18.053333	0.000000009
18.066667	0.000000026
18.080000	0.000000009
18.093333	0.000000000
18.106667	0.000000000
18.120000	0.000000018
18.133333	0.000000018
18.146667	0.000000000
18.160000	0.000000000
18.173333	0.000000009
18.186667	0.000000000
18.200000	0.000000000
18.213333	0.000000018
18.226667	0.000000009
18.240000	0.000000000
18.253333	0.000000000
18.266667	0.000000000
18.280000	0.000000000
18.293333	0.000000009
18.306667	0.000000009
18.320000	0.000000000
18.333333	0.000000000
18.346667	0.000000009
18.360000	0.000000009
18.373333	0.000000009
18.386667	0.000000018
18.400000	0.000000009
18.413333	0.000000009
18.426667	0.000000000
18.440000	0.000000000
18.453333	0.000000009
18.466667	0.000000018
18.480000	0.000000000
18.493333	0.000000000
18.506667	0.000000000
18.520000	0.000000000
18.533333	0.000000009
18.546667	0.000000026
18.560000	0.000000000
18.573333	0.000000009
18.586667	0.000000018
18.600000	0.000000009
18.613333	0.000000018
18.626667	0.000000009
18.640000	0.000000000
18.653333	0.000000009
18.666667	0.000000000
18.680000	0.000000009
18.693333	0.000000009
18.706667	0.000000009
18.720000	0.000000009
18.733333	0.000000000
18.746667	0.000000000
18.760000	0.000000000
18.773333	0.000000009
18.786667	0.000000009
18.800000	0.000000009
18.813333	0.000000000
18.826667	0.000000018
18.840000	0.000000000
18.853333	0.000000009
18.866667	0.000000000
18.880000	0.000000009
18.893333	0.000000018
18.906667	0.000000009
18.920000	0.000000009
18.933333	0.000000009
18.946667	0.000000009
18.960000	0.000000000
18.973333	0.000000000
18.986667	0.000000009
19.000000	0.000000000
19.013333	0.000000000
19.026667	0.000000018
19.040000	0.000000000
19.053333	0.000000026
19.066667	0.000000018
19.080000	0.000000018
19.093333	0.000000018
19.106667	0.000000009
19.120000	0.000000000
19.133333	0.000000000
19.146667	0.000000009
19.160000	0.000000018
19.173333	0.000000009
19.186667	0.000000009
19.200000	0.000000009
19.213333	0.000000000
19.226667	0.000000000
19.240000	0.000000000
19.253333	0.000000000
19.266667	0.000000000
19.280000	0.000000009
19.293333	0.000000009
19.306667	0.000000026
19.320000	0.000000009
19.333333	0.000000009
19.346667	0.000000009
19.360000	0.000000000
19.373333	0.000000026
19.386667	0.000000000
19.400000	0.000000000
19.413333	0.000000018
19.426667	0.000000009
19.440000	0.000000000
19.453333	0.000000009
19.466667	0.000000018
19.480000	0.000000009
19.493333	0.000000000
19.506667	0.000000000
19.520000	0.000000000
19.533333	0.000000009
19.546667	0.000000009
19.560000	0.000000000
19.573333	0.000000018
19.586667	0.000000009
19.600000	0.000000000
19.613333	0.000000000
19.626667	0.000000000
19.640000	0.000000000
19.653333	0.000000000
19.666667	0.000000000
19.680000	0.000000009
19.693333	0.000000009
19.706667	0.000000000
19.720000	0.000000009
19.733333	0.000000000
19.746667	0.000000000
19.760000	0.000000000
19.773333	0.000000000
19.786667	0.000000000
19.800000	0.000000000
19.813333	0.000000000
19.826667	0.000000000
19.840000	0.000000009
19.853333	0.000000000
19.866667	0.000000000
19.880000	0.000000000
19.893333	0.000000000
19.906667	0.000000009
19.920000	0.000000000
19.933333	0.000000000
19.946667	0.000000000
19.960000	0.000000000
19.973333	0.000000000
19.986667	0.000000000
